1.173048E+00 9.853093E+00 4.549332E-01 1.344537E+04 4.010792E+03 3.264119E+03
3.519144E+00 3.742054E+00 8.341044E-02 4.074948E+04 2.788687E+04 2.263023E+04
5.865240E+00 1.877618E+00 3.319871E-02 6.701976E+04 7.555758E+04 6.138643E+04
8.211336E+00 1.108222E+00 1.843416E-02 9.543426E+04 1.469258E+05 1.190673E+05
1.055743E+01 7.258158E-01 1.222453E-02 1.284735E+05 2.415936E+05 1.959761E+05
1.290353E+01 5.062507E-01 8.991739E-03 1.668254E+05 3.593251E+05 2.912194E+05
1.524962E+01 3.662654E-01 7.052139E-03 2.107785E+05 5.004888E+05 4.057223E+05
1.759572E+01 2.754218E-01 5.799287E-03 2.611391E+05 6.641187E+05 5.382924E+05
1.994182E+01 2.106792E-01 4.921695E-03 3.171238E+05 8.497804E+05 6.890628E+05
2.228791E+01 1.662461E-01 4.283680E-03 3.800959E+05 1.058178E+06 8.590588E+05
2.463401E+01 1.287214E-01 3.782958E-03 4.485521E+05 1.289468E+06 1.045936E+06
2.698011E+01 1.024142E-01 3.396880E-03 5.238338E+05 1.541708E+06 1.250447E+06
2.932620E+01 8.264628E-02 3.085882E-03 6.059259E+05 1.816496E+06 1.473936E+06
3.167230E+01 6.559492E-02 2.826410E-03 6.936691E+05 2.112742E+06 1.714243E+06
3.401839E+01 5.303538E-02 2.611122E-03 7.885598E+05 2.430534E+06 1.972214E+06
3.636449E+01 4.226612E-02 2.426463E-03 8.898326E+05 2.770058E+06 2.246862E+06
3.871059E+01 3.471772E-02 2.270250E-03 9.975009E+05 3.129265E+06 2.539437E+06
4.105668E+01 2.799788E-02 2.132674E-03 1.111935E+06 3.510449E+06 2.848242E+06
4.340278E+01 2.394830E-02 2.014373E-03 1.233542E+06 3.911225E+06 3.174655E+06
4.574887E+01 1.828047E-02 1.905363E-03 1.359645E+06 4.334174E+06 3.517194E+06
4.809497E+01 1.500157E-02 1.810567E-03 1.493529E+06 4.776053E+06 3.875538E+06
5.044107E+01 1.220876E-02 1.724959E-03 1.634145E+06 5.239470E+06 4.251019E+06
5.278716E+01 1.004285E-02 1.647997E-03 1.780319E+06 5.721552E+06 4.643124E+06
5.513326E+01 7.891142E-03 1.577564E-03 1.932412E+06 6.223326E+06 5.050090E+06
5.747935E+01 5.864192E-03 1.512825E-03 2.091052E+06 6.746121E+06 5.472951E+06
5.982545E+01 5.327883E-03 1.455271E-03 2.255829E+06 7.284841E+06 5.912652E+06
6.217155E+01 4.181223E-03 1.401107E-03 2.426700E+06 7.845077E+06 6.366936E+06
6.451764E+01 2.484227E-03 1.350274E-03 2.601788E+06 8.424812E+06 6.837004E+06
6.686374E+01 2.207012E-03 1.304651E-03 2.784428E+06 9.020883E+06 7.322503E+06
6.920983E+01 1.331993E-03 1.261335E-03 2.972842E+06 9.637786E+06 7.821684E+06
7.155593E+01 8.801874E-04 1.221372E-03 3.167000E+06 1.027163E+07 8.335892E+06
7.390203E+01 8.107792E-05 1.183536E-03 3.366107E+06 1.092525E+07 8.865630E+06
7.624812E+01 -7.249812E-05 1.148790E-03 3.570691E+06 1.159390E+07 9.410540E+06
7.859422E+01 -6.277314E-04 1.115776E-03 3.779542E+06 1.227982E+07 9.968072E+06
8.094032E+01 -1.083596E-03 1.084610E-03 3.995629E+06 1.298628E+07 1.054028E+07
8.328641E+01 -1.231719E-03 1.055527E-03 4.217194E+06 1.370868E+07 1.112683E+07
8.563251E+01 -1.403830E-03 1.028033E-03 4.443523E+06 1.444811E+07 1.172798E+07
8.797860E+01 -1.308282E-03 1.002191E-03 4.677172E+06 1.520478E+07 1.234091E+07
9.032470E+01 -1.114623E-03 9.777723E-04 4.916040E+06 1.597854E+07 1.296920E+07
9.267080E+01 -8.464593E-04 9.547239E-04 5.159649E+06 1.676636E+07 1.360908E+07
9.501689E+01 -2.998794E-04 9.329805E-04 5.410235E+06 1.757190E+07 1.426363E+07
9.736299E+01 -3.174967E-04 9.117756E-04 5.665339E+06 1.839768E+07 1.493143E+07
9.970908E+01 5.161033E-04 8.923720E-04 5.926044E+06 1.923172E+07 1.561115E+07
1.020552E+02 6.925348E-04 8.732736E-04 6.191788E+06 2.008691E+07 1.630235E+07
1.044013E+02 1.286013E-03 8.554351E-04 6.461314E+06 2.095329E+07 1.700910E+07
1.067474E+02 1.124446E-03 8.377864E-04 6.734149E+06 2.183962E+07 1.772699E+07
1.090935E+02 1.486664E-03 8.213675E-04 7.012176E+06 2.273436E+07 1.845431E+07
1.114396E+02 1.106327E-03 8.050777E-04 7.292278E+06 2.364950E+07 1.919554E+07
1.137857E+02 1.149759E-03 7.897570E-04 7.578149E+06 2.457804E+07 1.995125E+07
1.161318E+02 1.296542E-03 7.752202E-04 7.866766E+06 2.551503E+07 2.071565E+07
1.184779E+02 6.265552E-04 7.606174E-04 8.159602E+06 2.647563E+07 2.148993E+07
1.208239E+02 3.212685E-04 7.468627E-04 8.456107E+06 2.744708E+07 2.227925E+07
1.231700E+02 3.152827E-04 7.338851E-04 8.756991E+06 2.842660E+07 2.307656E+07
1.255161E+02 -1.528788E-04 7.210619E-04 9.060507E+06 2.942540E+07 2.388719E+07
1.278622E+02 -6.799663E-05 7.090831E-04 9.370125E+06 3.043275E+07 2.470850E+07
1.302083E+02 -5.004817E-04 6.971905E-04 9.682342E+06 3.145857E+07 2.553988E+07
1.325544E+02 -7.764260E-04 6.858485E-04 9.997934E+06 3.249403E+07 2.638142E+07
1.349005E+02 -1.074046E-03 6.748604E-04 1.031903E+07 3.354492E+07 2.723245E+07
1.372466E+02 -1.261085E-03 6.643395E-04 1.064333E+07 3.460588E+07 2.809394E+07
1.395927E+02 -1.034154E-03 6.544128E-04 1.097443E+07 3.567659E+07 2.896503E+07
1.419388E+02 -1.183325E-03 6.446109E-04 1.130572E+07 3.676187E+07 2.984840E+07
1.442849E+02 -1.321758E-03 6.351324E-04 1.164177E+07 3.785911E+07 3.073872E+07
1.466310E+02 -1.706549E-03 6.258028E-04 1.198121E+07 3.897218E+07 3.163773E+07
1.489771E+02 -1.547847E-03 6.170629E-04 1.232752E+07 4.009413E+07 3.255004E+07
