1.173048E+00 9.333076E+00 4.409957E-01 1.694949E+04 4.142944E+03 2.640461E+03
3.519144E+00 3.617600E+00 8.143330E-02 5.258008E+04 2.885720E+04 1.832252E+04
5.865240E+00 1.822265E+00 3.234038E-02 8.694454E+04 7.807517E+04 4.963019E+04
8.211336E+00 1.083673E+00 1.796616E-02 1.246587E+05 1.517295E+05 9.627795E+04
1.055743E+01 7.082283E-01 1.188320E-02 1.678249E+05 2.492700E+05 1.584122E+05
1.290353E+01 4.954555E-01 8.737038E-03 2.183732E+05 3.706823E+05 2.356529E+05
1.524962E+01 3.629152E-01 6.869539E-03 2.764742E+05 5.154645E+05 3.281582E+05
1.759572E+01 2.722667E-01 5.638928E-03 3.426524E+05 6.844965E+05 4.355913E+05
1.994182E+01 2.089948E-01 4.783105E-03 4.166101E+05 8.763477E+05 5.579622E+05
2.228791E+01 1.625132E-01 4.151863E-03 4.993436E+05 1.092253E+06 6.950541E+05
2.463401E+01 1.281799E-01 3.672816E-03 5.899473E+05 1.330402E+06 8.469601E+05
2.698011E+01 1.022191E-01 3.295943E-03 6.895786E+05 1.591799E+06 1.013231E+06
2.932620E+01 8.205601E-02 2.992374E-03 7.976534E+05 1.875157E+06 1.193094E+06
3.167230E+01 6.580023E-02 2.741131E-03 9.137153E+05 2.181476E+06 1.388353E+06
3.401839E+01 5.395621E-02 2.532940E-03 1.038986E+06 2.509890E+06 1.598252E+06
3.636449E+01 4.381637E-02 2.354558E-03 1.172945E+06 2.860301E+06 1.820734E+06
3.871059E+01 3.546241E-02 2.200307E-03 1.315643E+06 3.233862E+06 2.058188E+06
4.105668E+01 2.907040E-02 2.067521E-03 1.465956E+06 3.626849E+06 2.308953E+06
4.340278E+01 2.414526E-02 1.950881E-03 1.626438E+06 4.042579E+06 2.573079E+06
4.574887E+01 1.958212E-02 1.847008E-03 1.792966E+06 4.478392E+06 2.851656E+06
4.809497E+01 1.596877E-02 1.754350E-03 1.969353E+06 4.936063E+06 3.142729E+06
5.044107E+01 1.326526E-02 1.671355E-03 2.155221E+06 5.415476E+06 3.447325E+06
5.278716E+01 1.149471E-02 1.597347E-03 2.348168E+06 5.912681E+06 3.765107E+06
5.513326E+01 8.975909E-03 1.528273E-03 2.548513E+06 6.433839E+06 4.097316E+06
5.747935E+01 7.540605E-03 1.466213E-03 2.758695E+06 6.974264E+06 4.441352E+06
5.982545E+01 5.793628E-03 1.408596E-03 2.976180E+06 7.535614E+06 4.797772E+06
6.217155E+01 4.121889E-03 1.355457E-03 3.200749E+06 8.116527E+06 5.166805E+06
6.451764E+01 3.375845E-03 1.307249E-03 3.434196E+06 8.716031E+06 5.549069E+06
6.686374E+01 1.934469E-03 1.261594E-03 3.674122E+06 9.336883E+06 5.943315E+06
6.920983E+01 2.097253E-03 1.220898E-03 3.923932E+06 9.972480E+06 6.349421E+06
7.155593E+01 9.493746E-04 1.181300E-03 4.179780E+06 1.063275E+07 6.768398E+06
7.390203E+01 4.245904E-04 1.144942E-03 4.443250E+06 1.130942E+07 7.199435E+06
7.624812E+01 1.194239E-05 1.110932E-03 4.713872E+06 1.200477E+07 7.643063E+06
7.859422E+01 -6.981312E-04 1.078717E-03 4.990282E+06 1.271824E+07 8.097580E+06
8.094032E+01 -1.508109E-03 1.048151E-03 5.276261E+06 1.345311E+07 8.562320E+06
8.328641E+01 -1.254882E-03 1.020419E-03 5.569067E+06 1.420039E+07 9.040660E+06
8.563251E+01 -1.276264E-03 9.938696E-04 5.870199E+06 1.496869E+07 9.529885E+06
8.797860E+01 -1.282988E-03 9.686529E-04 6.180452E+06 1.575782E+07 1.003097E+07
9.032470E+01 -1.078167E-03 9.450973E-04 6.495706E+06 1.655851E+07 1.054087E+07
9.267080E+01 -8.651514E-04 9.226262E-04 6.819828E+06 1.738076E+07 1.106414E+07
9.501689E+01 -4.288911E-04 9.015188E-04 7.150554E+06 1.821685E+07 1.159715E+07
9.736299E+01 -1.132395E-04 8.812322E-04 7.490247E+06 1.907462E+07 1.214224E+07
9.970908E+01 6.262505E-04 8.623766E-04 7.835716E+06 1.994134E+07 1.269510E+07
1.020552E+02 1.018234E-03 8.440443E-04 8.187478E+06 2.083004E+07 1.326196E+07
1.044013E+02 1.569259E-03 8.266835E-04 8.546667E+06 2.173314E+07 1.383779E+07
1.067474E+02 1.682042E-03 8.098229E-04 8.908790E+06 2.265159E+07 1.442269E+07
1.090935E+02 1.466793E-03 7.933625E-04 9.278910E+06 2.359280E+07 1.501883E+07
1.114396E+02 1.186329E-03 7.777036E-04 9.649193E+06 2.454159E+07 1.562305E+07
1.137857E+02 1.117588E-03 7.627480E-04 1.002937E+07 2.551069E+07 1.624023E+07
1.161318E+02 1.125067E-03 7.485122E-04 1.041398E+07 2.649078E+07 1.686542E+07
1.184779E+02 9.725134E-04 7.347495E-04 1.080279E+07 2.748603E+07 1.750030E+07
1.208239E+02 8.059071E-04 7.215083E-04 1.119813E+07 2.849663E+07 1.814371E+07
1.231700E+02 1.669774E-04 7.084255E-04 1.159882E+07 2.952839E+07 1.879626E+07
1.255161E+02 6.783281E-06 6.961987E-04 1.200370E+07 3.056720E+07 1.945949E+07
1.278622E+02 -4.700761E-05 6.844866E-04 1.241554E+07 3.161970E+07 2.013081E+07
1.302083E+02 -2.885104E-04 6.730913E-04 1.283050E+07 3.268715E+07 2.081209E+07
1.325544E+02 -3.867317E-04 6.621847E-04 1.325341E+07 3.376748E+07 2.149969E+07
1.349005E+02 -5.515171E-04 6.516071E-04 1.368065E+07 3.486378E+07 2.219894E+07
1.372466E+02 -7.842872E-04 6.413482E-04 1.411376E+07 3.597467E+07 2.290547E+07
1.395927E+02 -1.088520E-03 6.313994E-04 1.455275E+07 3.709884E+07 2.361733E+07
1.419388E+02 -9.858800E-04 6.220375E-04 1.499604E+07 3.823069E+07 2.434151E+07
1.442849E+02 -1.268622E-03 6.127367E-04 1.544407E+07 3.938232E+07 2.507360E+07
1.466310E+02 -1.251847E-03 6.039477E-04 1.589840E+07 4.053773E+07 2.580769E+07
1.489771E+02 -1.184186E-03 5.954288E-04 1.635856E+07 4.171069E+07 2.655600E+07
