1.173048E+00 8.422908E+00 1.140149E-02 1.933562E+07 5.267445E+06 3.344019E+06
3.519144E+00 3.124948E+00 2.074264E-03 5.895418E+07 3.664506E+07 2.324213E+07
5.865240E+00 1.514959E+00 8.268340E-04 9.691904E+07 9.860656E+07 6.250581E+07
8.211336E+00 8.613002E-01 4.625369E-04 1.386421E+08 1.901953E+08 1.205904E+08
1.055743E+01 5.423377E-01 3.099972E-04 1.877564E+08 3.104086E+08 1.969659E+08
1.290353E+01 3.650132E-01 2.307751E-04 2.458214E+08 4.587869E+08 2.912418E+08
1.524962E+01 2.542443E-01 1.832276E-04 3.125130E+08 6.344418E+08 4.029366E+08
1.759572E+01 1.817024E-01 1.520438E-04 3.886184E+08 8.369568E+08 5.315911E+08
1.994182E+01 1.314790E-01 1.301181E-04 4.740643E+08 1.065752E+09 6.768247E+08
2.228791E+01 9.576963E-02 1.139646E-04 5.687524E+08 1.319683E+09 8.379512E+08
2.463401E+01 6.850431E-02 1.014985E-04 6.717884E+08 1.598029E+09 1.014638E+09
2.698011E+01 4.733629E-02 9.161741E-05 7.829032E+08 1.899629E+09 1.206178E+09
2.932620E+01 3.373401E-02 8.378508E-05 9.050740E+08 2.224504E+09 1.412371E+09
3.167230E+01 2.250632E-02 7.725873E-05 1.034729E+09 2.571076E+09 1.632617E+09
3.401839E+01 1.254829E-02 7.169804E-05 1.171370E+09 2.939204E+09 1.866576E+09
3.636449E+01 5.074818E-03 6.698806E-05 1.316083E+09 3.327669E+09 2.113973E+09
3.871059E+01 9.887851E-04 6.301414E-05 1.471469E+09 3.736395E+09 2.374147E+09
4.105668E+01 -3.411213E-04 5.962448E-05 1.637597E+09 4.164560E+09 2.646755E+09
4.340278E+01 -1.125482E-03 5.662873E-05 1.811352E+09 4.611182E+09 2.931349E+09
4.574887E+01 -2.005083E-03 5.394065E-05 1.991269E+09 5.075252E+09 3.227398E+09
4.809497E+01 -1.526410E-03 5.157440E-05 2.180002E+09 5.556088E+09 3.534729E+09
5.044107E+01 -1.702676E-03 4.940553E-05 2.373539E+09 6.053155E+09 3.852713E+09
5.278716E+01 -1.626474E-03 4.743363E-05 2.574973E+09 6.567823E+09 4.181222E+09
5.513326E+01 -1.581820E-03 4.562705E-05 2.782840E+09 7.098819E+09 4.519979E+09
5.747935E+01 -9.607961E-04 4.398974E-05 2.998119E+09 7.644772E+09 4.868569E+09
5.982545E+01 -2.684508E-04 4.248367E-05 3.219742E+09 8.205539E+09 5.226534E+09
6.217155E+01 2.096660E-04 4.108368E-05 3.447082E+09 8.780982E+09 5.593219E+09
6.451764E+01 4.930980E-04 3.978165E-05 3.678645E+09 9.369507E+09 5.968918E+09
6.686374E+01 1.897826E-04 3.855461E-05 3.913103E+09 9.970672E+09 6.352531E+09
6.920983E+01 5.345694E-04 3.743090E-05 4.154955E+09 1.058418E+10 6.743985E+09
7.155593E+01 1.527103E-03 3.640254E-05 4.403601E+09 1.120842E+10 7.142960E+09
7.390203E+01 1.970054E-03 3.542334E-05 4.655349E+09 1.184506E+10 7.549377E+09
7.624812E+01 2.171302E-03 3.449860E-05 4.910460E+09 1.249265E+10 7.962753E+09
7.859422E+01 2.312452E-03 3.362748E-05 5.169894E+09 1.315125E+10 8.382809E+09
8.094032E+01 2.506047E-03 3.280882E-05 5.433852E+09 1.381998E+10 8.809021E+09
8.328641E+01 2.651902E-03 3.203679E-05 5.700745E+09 1.449750E+10 9.241412E+09
8.563251E+01 2.251088E-03 3.129400E-05 5.968242E+09 1.518429E+10 9.679512E+09
8.797860E+01 1.815989E-03 3.059093E-05 6.238525E+09 1.587938E+10 1.012298E+10
9.032470E+01 1.348303E-03 2.992441E-05 6.511381E+09 1.658241E+10 1.057167E+10
9.267080E+01 1.201264E-03 2.929933E-05 6.789254E+09 1.729355E+10 1.102565E+10
9.501689E+01 1.382003E-03 2.871349E-05 7.071775E+09 1.801175E+10 1.148470E+10
9.736299E+01 1.540942E-03 2.815559E-05 7.357603E+09 1.873739E+10 1.194777E+10
9.970908E+01 1.462811E-03 2.761948E-05 7.644061E+09 1.946955E+10 1.241536E+10
1.020552E+02 1.436742E-03 2.711022E-05 7.932744E+09 2.020721E+10 1.288694E+10
1.044013E+02 1.145324E-03 2.661839E-05 8.221970E+09 2.095128E+10 1.336226E+10
1.067474E+02 1.027794E-03 2.615240E-05 8.514522E+09 2.170064E+10 1.384104E+10
1.090935E+02 9.254899E-04 2.570612E-05 8.810327E+09 2.245704E+10 1.432362E+10
1.114396E+02 5.899997E-04 2.527399E-05 9.106544E+09 2.321911E+10 1.480922E+10
1.137857E+02 1.663141E-04 2.485849E-05 9.403429E+09 2.398563E+10 1.529773E+10
1.161318E+02 -3.122683E-04 2.446018E-05 9.699513E+09 2.475453E+10 1.578932E+10
1.184779E+02 -1.000884E-03 2.407401E-05 9.994863E+09 2.552727E+10 1.628311E+10
1.208239E+02 -1.551181E-03 2.370541E-05 1.029302E+10 2.630443E+10 1.677959E+10
1.231700E+02 -1.915716E-03 2.335470E-05 1.059405E+10 2.708479E+10 1.727815E+10
1.255161E+02 -2.096123E-03 2.302131E-05 1.089768E+10 2.786702E+10 1.777777E+10
1.278622E+02 -2.125269E-03 2.270401E-05 1.120254E+10 2.865031E+10 1.827929E+10
1.302083E+02 -2.298093E-03 2.239603E-05 1.150650E+10 2.943591E+10 1.878252E+10
1.325544E+02 -2.660022E-03 2.209647E-05 1.180805E+10 3.022242E+10 1.928701E+10
1.349005E+02 -2.801655E-03 2.181092E-05 1.211352E+10 3.101229E+10 1.979340E+10
1.372466E+02 -2.818946E-03 2.153730E-05 1.242181E+10 3.180465E+10 2.030074E+10
1.395927E+02 -2.686231E-03 2.127594E-05 1.273222E+10 3.259800E+10 2.080897E+10
1.419388E+02 -2.388684E-03 2.102680E-05 1.304412E+10 3.339128E+10 2.131834E+10
1.442849E+02 -2.141447E-03 2.078551E-05 1.335547E+10 3.418493E+10 2.182827E+10
1.466310E+02 -2.088898E-03 2.054881E-05 1.366533E+10 3.498030E+10 2.233875E+10
1.489771E+02 -2.035131E-03 2.031984E-05 1.397556E+10 3.577649E+10 2.284975E+10
