1.173048E+00 8.971779E+00 1.187213E-02 1.564062E+07 5.115705E+06 4.071514E+06
3.519144E+00 3.232971E+00 2.130954E-03 4.616944E+07 3.537315E+07 2.826024E+07
5.865240E+00 1.552090E+00 8.492592E-04 7.503073E+07 9.506755E+07 7.592797E+07
8.211336E+00 8.775799E-01 4.758009E-04 1.065701E+08 1.830474E+08 1.464590E+08
1.055743E+01 5.496136E-01 3.191762E-04 1.436882E+08 2.985609E+08 2.390804E+08
1.290353E+01 3.679912E-01 2.377754E-04 1.876570E+08 4.411493E+08 3.532817E+08
1.524962E+01 2.535180E-01 1.887228E-04 2.379897E+08 6.099944E+08 4.885214E+08
1.759572E+01 1.794527E-01 1.566676E-04 2.955027E+08 8.043893E+08 6.442028E+08
1.994182E+01 1.289205E-01 1.341900E-04 3.602250E+08 1.023818E+09 8.198436E+08
2.228791E+01 9.270317E-02 1.175649E-04 4.320184E+08 1.267640E+09 1.014715E+09
2.463401E+01 6.438304E-02 1.046846E-04 5.097655E+08 1.534661E+09 1.228149E+09
2.698011E+01 4.298173E-02 9.452713E-05 5.937494E+08 1.823677E+09 1.459492E+09
2.932620E+01 3.005696E-02 8.653882E-05 6.862592E+08 2.134211E+09 1.708313E+09
3.167230E+01 1.874978E-02 7.982518E-05 7.841964E+08 2.465749E+09 1.973943E+09
3.401839E+01 8.877187E-03 7.411247E-05 8.875393E+08 2.817676E+09 2.255747E+09
3.636449E+01 1.290410E-03 6.925855E-05 9.969350E+08 3.189018E+09 2.553375E+09
3.871059E+01 -2.488011E-03 6.518373E-05 1.114582E+09 3.579277E+09 2.866350E+09
4.105668E+01 -3.375428E-03 6.171628E-05 1.240293E+09 3.987436E+09 3.193990E+09
4.340278E+01 -4.215701E-03 5.862166E-05 1.371686E+09 4.413826E+09 3.535780E+09
4.574887E+01 -5.176198E-03 5.584647E-05 1.507424E+09 4.856332E+09 3.891150E+09
4.809497E+01 -4.413172E-03 5.342077E-05 1.650140E+09 5.314001E+09 4.259398E+09
5.044107E+01 -4.309176E-03 5.119841E-05 1.796347E+09 5.786699E+09 4.640266E+09
5.278716E+01 -3.589921E-03 4.919592E-05 1.948527E+09 6.274780E+09 5.033527E+09
5.513326E+01 -3.044387E-03 4.735532E-05 2.105465E+09 6.778031E+09 5.438467E+09
5.747935E+01 -2.105352E-03 4.567682E-05 2.268220E+09 7.296104E+09 5.854895E+09
5.982545E+01 -1.313568E-03 4.412548E-05 2.435266E+09 7.827834E+09 6.282032E+09
6.217155E+01 -6.411580E-04 4.268652E-05 2.606753E+09 8.373131E+09 6.719367E+09
6.451764E+01 -3.593255E-04 4.134321E-05 2.780743E+09 8.930072E+09 7.166764E+09
6.686374E+01 -6.767597E-04 4.007655E-05 2.956790E+09 9.498899E+09 7.623662E+09
6.920983E+01 -3.182965E-04 3.891646E-05 3.138610E+09 1.007921E+10 8.089229E+09
7.155593E+01 8.217281E-04 3.786023E-05 3.325475E+09 1.066841E+10 8.563043E+09
7.390203E+01 1.412451E-03 3.685513E-05 3.514467E+09 1.126859E+10 9.045158E+09
7.624812E+01 1.809075E-03 3.590794E-05 3.705834E+09 1.187833E+10 9.535246E+09
7.859422E+01 2.108801E-03 3.501505E-05 3.900123E+09 1.249769E+10 1.003268E+10
8.094032E+01 2.418995E-03 3.417426E-05 4.097637E+09 1.312648E+10 1.053735E+10
8.328641E+01 2.501151E-03 3.337613E-05 4.296964E+09 1.376344E+10 1.104832E+10
8.563251E+01 2.182032E-03 3.261322E-05 4.496597E+09 1.440788E+10 1.156601E+10
8.797860E+01 1.870759E-03 3.189300E-05 4.697895E+09 1.505898E+10 1.208987E+10
9.032470E+01 1.286151E-03 3.120290E-05 4.900602E+09 1.571834E+10 1.261965E+10
9.267080E+01 1.093189E-03 3.055748E-05 5.107286E+09 1.638448E+10 1.315452E+10
9.501689E+01 1.328298E-03 2.995607E-05 5.317134E+09 1.705544E+10 1.369462E+10
9.736299E+01 1.497483E-03 2.938109E-05 5.529650E+09 1.773414E+10 1.423958E+10
9.970908E+01 1.451832E-03 2.882999E-05 5.742268E+09 1.841741E+10 1.478866E+10
1.020552E+02 1.332834E-03 2.830351E-05 5.955952E+09 1.910554E+10 1.534163E+10
1.044013E+02 1.015714E-03 2.779699E-05 6.169915E+09 1.979854E+10 1.589846E+10
1.067474E+02 8.852247E-04 2.731712E-05 6.386503E+09 2.049610E+10 1.645853E+10
1.090935E+02 8.945264E-04 2.686067E-05 6.605727E+09 2.119881E+10 1.702229E+10
1.114396E+02 5.973571E-04 2.641686E-05 6.824884E+09 2.190670E+10 1.758920E+10
1.137857E+02 1.830615E-04 2.599057E-05 7.043284E+09 2.261668E+10 1.815899E+10
1.161318E+02 -3.752178E-04 2.557978E-05 7.260941E+09 2.332884E+10 1.873106E+10
1.184779E+02 -1.187895E-03 2.518015E-05 7.477929E+09 2.404489E+10 1.930559E+10
1.208239E+02 -1.751442E-03 2.480198E-05 7.696608E+09 2.476216E+10 1.988172E+10
1.231700E+02 -2.132686E-03 2.444213E-05 7.917182E+09 2.548162E+10 2.045952E+10
1.255161E+02 -2.231457E-03 2.410221E-05 8.139847E+09 2.620158E+10 2.103817E+10
1.278622E+02 -2.211646E-03 2.377780E-05 8.363537E+09 2.692248E+10 2.161813E+10
1.302083E+02 -2.349421E-03 2.346284E-05 8.586007E+09 2.764459E+10 2.219973E+10
1.325544E+02 -2.844174E-03 2.315282E-05 8.806108E+09 2.836833E+10 2.278184E+10
1.349005E+02 -3.022702E-03 2.285958E-05 9.028891E+09 2.909311E+10 2.336544E+10
1.372466E+02 -2.764646E-03 2.258559E-05 9.254340E+09 2.981585E+10 2.394908E+10
1.395927E+02 -2.488470E-03 2.232092E-05 9.481166E+09 3.054060E+10 2.453310E+10
1.419388E+02 -2.070346E-03 2.206831E-05 9.708757E+09 3.126469E+10 2.511796E+10
1.442849E+02 -1.932568E-03 2.181913E-05 9.934539E+09 3.199016E+10 2.570305E+10
1.466310E+02 -1.990345E-03 2.157478E-05 1.015901E+10 3.271621E+10 2.628749E+10
1.489771E+02 -1.824004E-03 2.134312E-05 1.038413E+10 3.343954E+10 2.687181E+10
